45.4007 11.2842
45.3682 10.4265
45.2065 12.2655
44.9218 11.0092
45.3543 9.6853
45.1467 10.0020
44.8279 11.6013
44.8136 11.6270
44.9178 10.6623
45.1666 10.8272
45.1936 10.7984
45.4904 12.2386
45.4088 9.9209
45.4111 11.8961
45.0432 9.6898
45.2260 13.5950
45.4307 12.3365
45.1959 12.0299
45.0866 11.7828
45.0510 10.9198
45.4454 10.8280
45.3428 11.6773
45.4067 11.8779
45.4379 12.3578
45.4261 12.3823
45.4447 11.0024
45.2578 11.2783
45.1840 11.2681
45.1601 10.7894
45.0031 12.2283
45.1610 10.4250
45.4794 12.5827
44.8367 12.1120
45.4486 10.5390
45.3458 11.9570
44.9515 12.3340
44.8769 13.8487
45.0074 11.2995
45.2300 12.2913
45.4677 12.4547
45.3850 11.9110
45.3080 14.2160
44.8880 13.8450
44.9730 11.9760
45.4220 11.8790
44.8380 11.2860
44.8970 11.0660
44.8870 10.6400
44.8880 10.3570
45.4710 10.3005
45.4126 10.3918
45.4976 12.0954
45.0947 10.1125
45.0670 11.7925
