40.7867 15.9424
40.8228 16.5586
40.9073 16.6040
40.3418 17.7325
39.8333 18.3473
40.1934 16.4222
40.3814 16.4352
40.6046 17.2325
40.8348 17.3590
40.1244 18.4300
40.6785 16.5864
40.6491 16.7045
40.3897 16.7864
41.0609 16.1959
40.7888 17.0644
40.9439 15.9602
40.9166 16.2538
40.3852 17.9646
40.6559 17.7041
40.5266 17.2835
39.8857 16.5489
39.9277 18.1620
40.3349 18.1115
40.9667 15.8087
40.7564 15.4887
39.9458 16.4559
40.6366 17.9402
40.9681 17.1111
40.2779 18.3346
42.8740 17.4570
42.3930 16.2550
41.7080 15.9520
40.6580 15.8510
40.5087 16.4548
41.9436 16.0147
