1 33.939545 41.052898 33.880485 41.045946 0.30
1 33.880485 41.045946 33.821585 41.038293 1.90 
1 33.821585 41.038293 33.762886 41.029832 4.40 
1 33.762886 41.029832 33.704334 41.020846 6.80 
1 33.704334 41.020846 33.645759 41.011975 7.70 
1 33.645759 41.011975 33.586788 41.004778 6.70 
1 33.586788 41.004778 33.527532 40.999105 7.00
1 33.527532 40.999105 33.468435 40.992582 6.60 
1 33.468435 40.992582 33.41013 40.982835 7.30 
1 33.41013 40.982835 33.35265 40.970635 7.40 
1 33.35265 40.970635 33.295415 40.957825 7.20 
1 33.295415 40.957825 33.237104 40.948204 7.90 
1 33.237104 40.948204 33.178213 40.940904 10.00
1 33.178213 40.940904 33.118967 40.935518 10.00
1 33.118967 40.935518 33.05974 40.93004 9.20
1 33.05974 40.93004 33.00117 40.921452 9.00
1 33.00117 40.921452 32.942446 40.913518 9.30 
1 32.942446 40.913518 32.883764 40.90544 8.00
1 32.883764 40.90544 32.825299 40.896538 7.50 
1 32.825299 40.896538 32.767026 40.88697 7.00 
1 32.767026 40.88697 32.708751 40.877439 7.20 
1 32.708751 40.877439 32.650419 40.868137 6.80 
1 32.650419 40.868137 32.592041 40.859034 6.20
1 32.592041 40.859034 32.533657 40.849983 5.80 
1 32.533657 40.849983 32.475297 40.840876 2.90 
1 32.475297 40.840876 32.416875 40.832028 2.10 
1 32.416875 40.832028 32.358321 40.823727 0.80 
1 32.358321 40.823727 32.299685 40.81579 0.00
1 32.299685 40.81579 32.2411 40.807672 0.00
2 30.941388 40.748726 30.883176 40.7389 0.00
2 30.883176 40.7389 30.825598 40.727874 0.00
2 30.825598 40.727874 30.768992 40.71429 0.00
2 30.768992 40.71429 30.711505 40.703061 0.00
2 30.711505 40.703061 30.652708 40.69689 0.00
2 30.652708 40.69689 30.593355 40.697167 0.00
2 30.593355 40.697167 30.534325 40.701899 0.00
2 30.534325 40.701899 30.475479 40.707815 0.00
2 30.475479 40.707815 30.416558 40.713325 1.30 
2 30.416558 40.713325 30.357449 40.717543 2.3373 
2 30.357449 40.717543 30.298222 40.720729 3.3745 
2 30.298222 40.720729 30.238933 40.723187 4.4118 
2 30.238933 40.723187 30.179581 40.724521 5.4491 
2 30.179581 40.724521 30.120202 40.724343 6.4864 
2 30.120202 40.724343 30.060873 40.722516 7.5236 
2 30.060873 40.722516 30.001636 40.719431 8.5609 
2 30.001636 40.719431 29.942476 40.715611 9.5982 
2 29.942476 40.715611 29.883236 40.712638 10.6355 
2 29.883236 40.712638 29.823885 40.713728 11.6727 
2 29.823885 40.713728 29.764825 40.71834 12.71 
2 29.764825 40.71834 29.705882 40.723773 5.00
2 29.705882 40.723773 29.646814 40.72839 5.00
2 29.646814 40.72839 29.587472 40.730072 5.00
2 29.587472 40.730072 29.528098 40.729235 5.00
2 29.528098 40.729235 29.468743 40.727866 5.00
2 29.468743 40.727866 29.409381 40.726735 5.00
2 29.409381 40.726735 29.350014 40.725782 5.00
3 35.6202045256 32.6595966603 35.6263721019 32.7279547723 -2.50 
3 35.6263721019 32.7279547723 35.6278421019 32.749464591 -1.00 
4 28.262185 40.832409 28.203963 40.823234 10.70 
4 28.203963 40.823234 28.145746 40.81407 10.70 
4 28.145746 40.81407 28.086824 40.808052 10.70
4 28.086824 40.808052 28.027476 40.805385 10.70
4 28.027476 40.805385 27.968027 40.805796 10.70
4 27.968027 40.805796 27.908653 40.80814 10.70
4 27.908653 40.80814 27.849217 40.809244 10.70
4 27.849217 40.809244 27.789761 40.809298 10.70
4 27.789761 40.809298 27.730324 40.808217 10.70
4 27.730324 40.808217 27.670922 40.806349 10.70
4 27.670922 40.806349 27.611601 40.803375 10.70
4 27.611601 40.803375 27.552547 40.798208 10.70
4 27.552547 40.798208 27.494199 40.789611 10.70 
5 39.213329 38.397072 39.263589 38.419012 -1.00
5 39.263589 38.419012 39.315245 38.438885 -6.20 
5 39.315245 38.438885 39.367321 38.458097 -6.20
5 39.367321 38.458097 39.419436 38.477268 -6.20
5 39.419436 38.477268 39.471565 38.496438 -6.20
5 39.471565 38.496438 39.5227 38.517204 -6.20
5 39.5227 38.517204 39.573927 38.537853 -6.20
5 39.573927 38.537853 39.626037 38.557126 -6.20
5 39.626037 38.557126 39.678237 38.576274 -6.20
5 39.678237 38.576274 39.731197 38.594125 -6.20
5 39.731197 38.594125 39.783514 38.613123 -6.20
5 39.783514 38.613123 39.834434 38.634334 -6.20
5 39.834434 38.634334 39.884642 38.656575 -6.20
5 39.884642 38.656575 39.934513 38.679296 -6.20
5 39.934513 38.679296 39.985226 38.700872 -6.20 
5 39.985226 38.700872 40.03954 38.716242 -6.20 
5 40.03954 38.716242 40.096395 38.724291 -1.00 
5 40.096395 38.724291 40.154129 38.726204 -1.00 
5 40.154129 38.726204 40.211836 38.723821 -1.00
5 40.211836 38.723821 40.269368 38.719619 -1.00
