33.939545 41.052898 0.30
33.880485 41.045946 1.90
33.821585 41.038293 4.40
33.762886 41.029832 6.80
33.704334 41.020846 7.70
33.645759 41.011975 6.70
33.586788 41.004778 7.00
33.527532 40.999105 6.60
33.468435 40.992582 7.30
33.41013 40.982835 7.40
33.35265 40.970635 7.20
33.295415 40.957825 7.90
33.237104 40.948204 10.00
33.178213 40.940904 10.00
33.118967 40.935518 9.20
33.05974 40.93004 9.00
33.00117 40.921452 9.30
32.942446 40.913518 8.00
32.883764 40.90544 7.50
32.825299 40.896538 7.00
32.767026 40.88697 7.20
32.708751 40.877439 6.80
32.650419 40.868137 6.20
32.592041 40.859034 5.80
32.533657 40.849983 2.90
32.475297 40.840876 2.10
32.416875 40.832028 0.80
32.358321 40.823727 0.00
32.299685 40.81579 0.00
