30.941388 40.748726 0.00
30.883176 40.7389 0.00
30.825598 40.727874 0.00
30.768992 40.71429 0.00
30.711505 40.703061 0.00
30.652708 40.69689 0.00
30.593355 40.697167 0.00
30.534325 40.701899 0.00
30.475479 40.707815 1.30
30.416558 40.713325 2.3373
30.357449 40.717543 3.3745
30.298222 40.720729 4.4118
30.238933 40.723187 5.4491
30.179581 40.724521 6.4864
30.120202 40.724343 7.5236
30.060873 40.722516 8.5609
30.001636 40.719431 9.5982
29.942476 40.715611 10.6355
29.883236 40.712638 11.6727
29.823885 40.713728 12.71
29.764825 40.71834 5.00
29.705882 40.723773 5.00
29.646814 40.72839 5.00
29.587472 40.730072 5.00
29.528098 40.729235 5.00
29.468743 40.727866 5.00
29.409381 40.726735 5.00
