39.213329 38.397072 -1.00
39.263589 38.419012 -6.20
39.315245 38.438885 -6.20
39.367321 38.458097 -6.20
39.419436 38.477268 -6.20
39.471565 38.496438 -6.20
39.5227 38.517204 -6.20
39.573927 38.537853 -6.20
39.626037 38.557126 -6.20
39.678237 38.576274 -6.20
39.731197 38.594125 -6.20
39.783514 38.613123 -6.20
39.834434 38.634334 -6.20
39.884642 38.656575 -6.20
39.934513 38.679296 -6.20
39.985226 38.700872 -6.20
40.03954 38.716242 -1.00
40.096395 38.724291 -1.00
40.154129 38.726204 -1.00
40.211836 38.723821 -1.00
