-100.00	24.55
-99.80	24.55
-99.60	24.54
-99.40	24.54
-99.20	24.54
-99.00	24.54
-98.80	24.53
-98.60	24.53
-98.40	24.53
-98.20	24.52
-98.00	24.52
-97.80	24.52
-97.60	24.51
-97.40	24.51
-97.20	24.51
-97.00	24.50
-96.80	24.50
-96.60	24.49
-96.40	24.49
-96.20	24.49
-96.00	24.48
-95.80	24.48
-95.60	24.48
-95.40	24.47
-95.20	24.47
-94.99	24.47
-94.79	24.46
-94.59	24.46
-94.39	24.46
-94.19	24.45
-93.99	24.45
-93.79	24.45
-93.59	24.44
-93.39	24.44
-93.19	24.43
-92.99	24.43
-92.79	24.43
-92.59	24.42
-92.39	24.42
-92.19	24.42
-91.99	24.41
-91.79	24.41
-91.59	24.40
-91.39	24.40
-91.19	24.40
-90.99	24.39
-90.79	24.39
-90.59	24.39
-90.39	24.38
-90.19	24.38
-89.99	24.37
-89.79	24.37
-89.59	24.37
-89.39	24.36
-89.19	24.36
-88.99	24.35
-88.79	24.35
-88.59	24.35
-88.39	24.34
-88.19	24.34
-87.99	24.33
-87.79	24.33
-87.59	24.33
-87.39	24.32
-87.19	24.32
-86.99	24.31
-86.79	24.31
-86.59	24.31
-86.39	24.30
-86.19	24.30
-85.99	24.29
-85.79	24.29
-85.59	24.28
-85.39	24.28
-85.19	24.28
-84.98	24.27
-84.78	24.27
-84.58	24.26
-84.38	24.26
-84.18	24.25
-83.98	24.25
-83.78	24.25
-83.58	24.24
-83.38	24.24
-83.18	24.23
-82.98	24.23
-82.78	24.22
-82.58	24.22
-82.38	24.21
-82.18	24.21
-81.98	24.21
-81.78	24.20
-81.58	24.20
-81.38	24.19
-81.18	24.19
-80.98	24.18
-80.78	24.18
-80.58	24.17
-80.38	24.17
-80.18	24.16
-79.98	24.16
-79.78	24.15
-79.58	24.15
-79.38	24.14
-79.18	24.14
-78.98	24.13
-78.78	24.13
-78.58	24.12
-78.38	24.12
-78.18	24.12
-77.98	24.11
-77.78	24.11
-77.58	24.10
-77.38	24.10
-77.18	24.09
-76.98	24.08
-76.78	24.08
-76.58	24.07
-76.38	24.07
-76.18	24.06
-75.98	24.06
-75.78	24.05
-75.58	24.05
-75.38	24.04
-75.18	24.04
-74.97	24.03
-74.77	24.03
-74.57	24.02
-74.37	24.02
-74.17	24.01
-73.97	24.01
-73.77	24.00
-73.57	23.99
-73.37	23.99
-73.17	23.98
-72.97	23.98
-72.77	23.97
-72.57	23.97
-72.37	23.96
-72.17	23.96
-71.97	23.95
-71.77	23.94
-71.57	23.94
-71.37	23.93
-71.17	23.93
-70.97	23.92
-70.77	23.92
-70.57	23.91
-70.37	23.90
-70.17	23.90
-69.97	23.89
-69.77	23.89
-69.57	23.88
-69.37	23.87
-69.17	23.87
-68.97	23.86
-68.77	23.86
-68.57	23.85
-68.37	23.84
-68.17	23.84
-67.97	23.83
-67.77	23.82
-67.57	23.82
-67.37	23.81
-67.17	23.81
-66.97	23.80
-66.77	23.79
-66.57	23.79
-66.37	23.78
-66.17	23.77
-65.97	23.77
-65.77	23.76
-65.57	23.75
-65.37	23.75
-65.17	23.74
-64.96	23.73
-64.76	23.73
-64.56	23.72
-64.36	23.71
-64.16	23.71
-63.96	23.70
-63.76	23.69
-63.56	23.68
-63.36	23.68
-63.16	23.67
-62.96	23.66
-62.76	23.66
-62.56	23.65
-62.36	23.64
-62.16	23.63
-61.96	23.63
-61.76	23.62
-61.56	23.61
-61.36	23.61
-61.16	23.60
-60.96	23.59
-60.76	23.58
-60.56	23.58
-60.36	23.57
-60.16	23.56
-59.96	23.55
-59.76	23.54
-59.56	23.54
-59.36	23.53
-59.16	23.52
-58.96	23.51
-58.76	23.51
-58.56	23.50
-58.36	23.49
-58.16	23.48
-57.96	23.47
-57.76	23.47
-57.56	23.46
-57.36	23.45
-57.16	23.44
-56.96	23.43
-56.76	23.42
-56.56	23.42
-56.36	23.41
-56.16	23.40
-55.96	23.39
-55.76	23.38
-55.56	23.37
-55.36	23.36
-55.16	23.36
-54.95	23.35
-54.75	23.34
-54.55	23.33
-54.35	23.32
-54.15	23.31
-53.95	23.30
-53.75	23.29
-53.55	23.28
-53.35	23.27
-53.15	23.26
-52.95	23.26
-52.75	23.25
-52.55	23.24
-52.35	23.23
-52.15	23.22
-51.95	23.21
-51.75	23.20
-51.55	23.19
-51.35	23.18
-51.15	23.17
-50.95	23.16
-50.75	23.15
-50.55	23.14
-50.35	23.13
-50.15	23.12
-49.95	23.11
-49.75	23.10
-49.55	23.09
-49.35	23.08
-49.15	23.07
-48.95	23.06
-48.75	23.05
-48.55	23.04
-48.35	23.02
-48.15	23.01
-47.95	23.00
-47.75	22.99
-47.55	22.98
-47.35	22.97
-47.15	22.96
-46.95	22.95
-46.75	22.94
-46.55	22.93
-46.35	22.91
-46.15	22.90
-45.95	22.89
-45.75	22.88
-45.55	22.87
-45.35	22.86
-45.15	22.84
-44.94	22.83
-44.74	22.82
-44.54	22.81
-44.34	22.80
-44.14	22.78
-43.94	22.77
-43.74	22.76
-43.54	22.75
-43.34	22.73
-43.14	22.72
-42.94	22.71
-42.74	22.70
-42.54	22.68
-42.34	22.67
-42.14	22.66
-41.94	22.64
-41.74	22.63
-41.54	22.62
-41.34	22.60
-41.14	22.59
-40.94	22.58
-40.74	22.56
-40.54	22.55
-40.34	22.53
-40.14	22.52
-39.94	22.51
-39.74	22.49
-39.54	22.48
-39.34	22.46
-39.14	22.45
-38.94	22.43
-38.74	22.42
-38.54	22.40
-38.34	22.39
-38.14	22.37
-37.94	22.36
-37.74	22.34
-37.54	22.33
-37.34	22.31
-37.14	22.30
-36.94	22.28
-36.74	22.27
-36.54	22.25
-36.34	22.23
-36.14	22.22
-35.94	22.20
-35.74	22.18
-35.54	22.17
-35.34	22.15
-35.14	22.13
-34.93	22.12
-34.73	22.10
-34.53	22.08
-34.33	22.07
-34.13	22.05
-33.93	22.03
-33.73	22.01
-33.53	22.00
-33.33	21.98
-33.13	21.96
-32.93	21.94
-32.73	21.92
-32.53	21.90
-32.33	21.89
-32.13	21.87
-31.93	21.85
-31.73	21.83
-31.53	21.81
-31.33	21.79
-31.13	21.77
-30.93	21.75
-30.73	21.73
-30.53	21.71
-30.33	21.69
-30.13	21.67
-29.93	21.65
-29.73	21.63
-29.53	21.61
-29.33	21.59
-29.13	21.57
-28.93	21.54
-28.73	21.52
-28.53	21.50
-28.33	21.48
-28.13	21.46
-27.93	21.43
-27.73	21.41
-27.53	21.39
-27.33	21.37
-27.13	21.34
-26.93	21.32
-26.73	21.30
-26.53	21.27
-26.33	21.25
-26.13	21.23
-25.93	21.20
-25.73	21.18
-25.53	21.15
-25.33	21.13
-25.13	21.10
-24.92	21.08
-24.72	21.05
-24.52	21.03
-24.32	21.00
-24.12	20.97
-23.92	20.95
-23.72	20.92
-23.52	20.89
-23.32	20.87
-23.12	20.84
-22.92	20.81
-22.72	20.78
-22.52	20.76
-22.32	20.73
-22.12	20.70
-21.92	20.67
-21.72	20.64
-21.52	20.61
-21.32	20.58
-21.12	20.55
-20.92	20.52
-20.72	20.49
-20.52	20.46
-20.32	20.43
-20.12	20.40
-19.92	20.37
-19.72	20.33
-19.52	20.30
-19.32	20.27
-19.12	20.24
-18.92	20.20
-18.72	20.17
-18.52	20.14
-18.32	20.10
-18.12	20.07
-17.92	20.03
-17.72	20.00
-17.52	19.96
-17.32	19.93
-17.12	19.89
-16.92	19.86
-16.72	19.82
-16.52	19.78
-16.32	19.74
-16.12	19.71
-15.92	19.67
-15.72	19.63
-15.52	19.59
-15.32	19.55
-15.12	19.51
-14.91	19.47
-14.71	19.43
-14.51	19.39
-14.31	19.35
-14.11	19.31
-13.91	19.27
-13.71	19.22
-13.51	19.18
-13.31	19.14
-13.11	19.09
-12.91	19.05
-12.71	19.01
-12.51	18.96
-12.31	18.92
-12.11	18.87
-11.91	18.82
-11.71	18.78
-11.51	18.73
-11.31	18.68
-11.11	18.64
-10.91	18.59
-10.71	18.54
-10.51	18.49
-10.31	18.44
-10.11	18.39
-9.91	18.34
-9.71	18.29
-9.51	18.23
-9.31	18.18
-9.11	18.13
-8.91	18.08
-8.71	18.02
-8.51	17.97
-8.31	17.91
-8.11	17.86
-7.91	17.80
-7.71	17.75
-7.51	17.69
-7.31	17.63
-7.11	17.57
-6.91	17.51
-6.71	17.46
-6.51	17.40
-6.31	17.34
-6.11	17.27
-5.91	17.21
-5.71	17.15
-5.51	17.09
-5.31	17.03
-5.11	16.96
-4.90	16.90
-4.70	16.83
-4.50	16.77
-4.30	16.70
-4.10	16.64
-3.90	16.57
-3.70	16.50
-3.50	16.43
-3.30	16.37
-3.10	16.30
-2.90	16.23
-2.70	16.16
-2.50	16.09
-2.30	16.01
-2.10	15.94
-1.90	15.87
-1.70	15.80
-1.50	15.72
-1.30	15.65
-1.10	15.57
-0.90	15.50
-0.70	15.42
-0.50	15.35
-0.30	15.27
-0.10	15.19
0.10	15.11
0.30	15.03
0.50	14.95
0.70	14.87
0.90	14.79
1.10	14.71
1.30	14.63
1.50	14.55
1.70	14.47
1.90	14.39
2.10	14.30
2.30	14.22
2.50	14.14
2.70	14.05
2.90	13.97
3.10	13.88
3.30	13.80
3.50	13.71
3.70	13.62
3.90	13.54
4.10	13.45
4.30	13.36
4.50	13.27
4.70	13.19
4.90	13.10
5.11	13.01
5.31	12.92
5.51	12.83
5.71	12.74
5.91	12.65
6.11	12.56
6.31	12.47
6.51	12.38
6.71	12.29
6.91	12.20
7.11	12.11
7.31	12.02
7.51	11.93
7.71	11.83
7.91	11.74
8.11	11.65
8.31	11.56
8.51	11.47
8.71	11.38
8.91	11.29
9.11	11.19
9.31	11.10
9.51	11.01
9.71	10.92
9.91	10.83
10.11	10.74
10.31	10.65
10.51	10.56
10.71	10.47
10.91	10.38
11.11	10.29
11.31	10.20
11.51	10.11
11.71	10.02
11.91	9.93
12.11	9.84
12.31	9.75
12.51	9.66
12.71	9.58
12.91	9.49
13.11	9.40
13.31	9.31
13.51	9.23
13.71	9.14
13.91	9.05
14.11	8.97
14.31	8.88
14.51	8.80
14.71	8.72
14.91	8.63
15.12	8.55
15.32	8.47
15.52	8.38
15.72	8.30
15.92	8.22
16.12	8.14
16.32	8.06
16.52	7.98
16.72	7.90
16.92	7.82
17.12	7.74
17.32	7.66
17.52	7.59
17.72	7.51
17.92	7.43
18.12	7.36
18.32	7.28
18.52	7.21
18.72	7.13
18.92	7.06
19.12	6.99
19.32	6.92
19.52	6.84
19.72	6.77
19.92	6.70
20.12	6.63
20.32	6.56
20.52	6.49
20.72	6.43
20.92	6.36
21.12	6.29
21.32	6.22
21.52	6.16
21.72	6.09
21.92	6.03
22.12	5.96
22.32	5.90
22.52	5.84
22.72	5.77
22.92	5.71
23.12	5.65
23.32	5.59
23.52	5.53
23.72	5.47
23.92	5.41
24.12	5.35
24.32	5.29
24.52	5.24
24.72	5.18
24.92	5.12
25.13	5.07
25.33	5.01
25.53	4.95
25.73	4.90
25.93	4.85
26.13	4.79
26.33	4.74
26.53	4.69
26.73	4.64
26.93	4.58
27.13	4.53
27.33	4.48
27.53	4.43
27.73	4.38
27.93	4.33
28.13	4.28
28.33	4.24
28.53	4.19
28.73	4.14
28.93	4.09
29.13	4.05
29.33	4.00
29.53	3.96
29.73	3.91
29.93	3.87
30.13	3.82
30.33	3.78
30.53	3.74
30.73	3.69
30.93	3.65
31.13	3.61
31.33	3.57
31.53	3.53
31.73	3.48
31.93	3.44
32.13	3.40
32.33	3.36
32.53	3.33
32.73	3.29
32.93	3.25
33.13	3.21
33.33	3.17
33.53	3.13
33.73	3.10
33.93	3.06
34.13	3.02
34.33	2.99
34.53	2.95
34.73	2.92
34.93	2.88
35.14	2.85
35.34	2.81
35.54	2.78
35.74	2.74
35.94	2.71
36.14	2.68
36.34	2.64
36.54	2.61
36.74	2.58
36.94	2.55
37.14	2.52
37.34	2.48
37.54	2.45
37.74	2.42
37.94	2.39
38.14	2.36
38.34	2.33
38.54	2.30
38.74	2.27
38.94	2.24
39.14	2.21
39.34	2.18
39.54	2.16
39.74	2.13
39.94	2.10
40.14	2.07
40.34	2.04
40.54	2.02
40.74	1.99
40.94	1.96
41.14	1.94
41.34	1.91
41.54	1.88
41.74	1.86
41.94	1.83
42.14	1.81
42.34	1.78
42.54	1.76
42.74	1.73
42.94	1.71
43.14	1.68
43.34	1.66
43.54	1.64
43.74	1.61
43.94	1.59
44.14	1.57
44.34	1.54
44.54	1.52
44.74	1.50
44.94	1.47
45.15	1.45
45.35	1.43
45.55	1.41
45.75	1.39
45.95	1.36
46.15	1.34
46.35	1.32
46.55	1.30
46.75	1.28
46.95	1.26
47.15	1.24
47.35	1.22
47.55	1.20
47.75	1.18
47.95	1.16
48.15	1.14
48.35	1.12
48.55	1.10
48.75	1.08
48.95	1.06
49.15	1.04
49.35	1.02
49.55	1.00
49.75	0.98
49.95	0.97
50.15	0.95
50.35	0.93
50.55	0.91
50.75	0.89
50.95	0.88
51.15	0.86
51.35	0.84
51.55	0.82
51.75	0.81
51.95	0.79
52.15	0.77
52.35	0.76
52.55	0.74
52.75	0.72
52.95	0.71
53.15	0.69
53.35	0.67
53.55	0.66
53.75	0.64
53.95	0.62
54.15	0.61
54.35	0.59
54.55	0.58
54.75	0.56
54.95	0.55
55.16	0.53
55.36	0.52
55.56	0.50
55.76	0.49
55.96	0.47
56.16	0.46
56.36	0.44
56.56	0.43
56.76	0.41
56.96	0.40
57.16	0.39
57.36	0.37
57.56	0.36
57.76	0.34
57.96	0.33
58.16	0.32
58.36	0.30
58.56	0.29
58.76	0.28
58.96	0.26
59.16	0.25
59.36	0.24
59.56	0.22
59.76	0.21
59.96	0.20
60.16	0.18
60.36	0.17
60.56	0.16
60.76	0.15
60.96	0.13
61.16	0.12
61.36	0.11
61.56	0.10
61.76	0.09
61.96	0.07
62.16	0.06
62.36	0.05
62.56	0.04
62.76	0.03
62.96	0.01
63.16	0.00
63.36	-0.01
63.56	-0.02
63.76	-0.03
63.96	-0.04
64.16	-0.05
64.36	-0.07
64.56	-0.08
64.76	-0.09
64.96	-0.10
65.17	-0.11
65.37	-0.12
65.57	-0.13
65.77	-0.14
65.97	-0.15
66.17	-0.16
66.37	-0.17
66.57	-0.18
66.77	-0.19
66.97	-0.20
67.17	-0.21
67.37	-0.22
67.57	-0.23
67.77	-0.24
67.97	-0.25
68.17	-0.26
68.37	-0.27
68.57	-0.28
68.77	-0.29
68.97	-0.30
69.17	-0.31
69.37	-0.32
69.57	-0.33
69.77	-0.34
69.97	-0.35
70.17	-0.36
70.37	-0.37
70.57	-0.38
70.77	-0.39
70.97	-0.40
71.17	-0.41
71.37	-0.42
71.57	-0.42
71.77	-0.43
71.97	-0.44
72.17	-0.45
72.37	-0.46
72.57	-0.47
72.77	-0.48
72.97	-0.49
73.17	-0.49
73.37	-0.50
73.57	-0.51
73.77	-0.52
73.97	-0.53
74.17	-0.54
74.37	-0.55
74.57	-0.55
74.77	-0.56
74.97	-0.57
75.18	-0.58
75.38	-0.59
75.58	-0.59
75.78	-0.60
75.98	-0.61
76.18	-0.62
76.38	-0.63
76.58	-0.63
76.78	-0.64
76.98	-0.65
77.18	-0.66
77.38	-0.66
77.58	-0.67
77.78	-0.68
77.98	-0.69
78.18	-0.69
78.38	-0.70
78.58	-0.71
78.78	-0.72
78.98	-0.72
79.18	-0.73
79.38	-0.74
79.58	-0.75
79.78	-0.75
79.98	-0.76
80.18	-0.77
80.38	-0.77
80.58	-0.78
80.78	-0.79
80.98	-0.80
81.18	-0.80
81.38	-0.81
81.58	-0.82
81.78	-0.82
81.98	-0.83
82.18	-0.84
82.38	-0.84
82.58	-0.85
82.78	-0.86
82.98	-0.86
83.18	-0.87
83.38	-0.88
83.58	-0.88
83.78	-0.89
83.98	-0.90
84.18	-0.90
84.38	-0.91
84.58	-0.92
84.78	-0.92
84.98	-0.93
85.19	-0.93
85.39	-0.94
85.59	-0.95
85.79	-0.95
85.99	-0.96
86.19	-0.97
86.39	-0.97
86.59	-0.98
86.79	-0.98
86.99	-0.99
87.19	-1.00
87.39	-1.00
87.59	-1.01
87.79	-1.01
87.99	-1.02
88.19	-1.02
88.39	-1.03
88.59	-1.04
88.79	-1.04
88.99	-1.05
89.19	-1.05
89.39	-1.06
89.59	-1.06
89.79	-1.07
89.99	-1.08
90.19	-1.08
90.39	-1.09
90.59	-1.09
90.79	-1.10
90.99	-1.10
91.19	-1.11
91.39	-1.11
91.59	-1.12
91.79	-1.13
91.99	-1.13
92.19	-1.14
92.39	-1.14
92.59	-1.15
92.79	-1.15
92.99	-1.16
93.19	-1.16
93.39	-1.17
93.59	-1.17
93.79	-1.18
93.99	-1.18
94.19	-1.19
94.39	-1.19
94.59	-1.20
94.79	-1.20
94.99	-1.21
95.20	-1.21
95.40	-1.22
95.60	-1.22
95.80	-1.23
96.00	-1.23
96.20	-1.24
96.40	-1.24
96.60	-1.25
96.80	-1.25
97.00	-1.26
97.20	-1.26
97.40	-1.27
97.60	-1.27
97.80	-1.28
98.00	-1.28
98.20	-1.29
98.40	-1.29
98.60	-1.29
98.80	-1.30
99.00	-1.30
99.20	-1.31
99.40	-1.31
99.60	-1.32
99.80	-1.32
100.00	-1.33
