-120.00	20.04
-119.76	20.04
-119.52	20.04
-119.28	20.04
-119.04	20.03
-118.80	20.03
-118.56	20.03
-118.32	20.02
-118.08	20.02
-117.84	20.02
-117.60	20.01
-117.36	20.01
-117.12	20.01
-116.88	20.01
-116.64	20.00
-116.40	20.00
-116.16	20.00
-115.92	19.99
-115.68	19.99
-115.44	19.99
-115.20	19.98
-114.95	19.98
-114.71	19.98
-114.47	19.97
-114.23	19.97
-113.99	19.97
-113.75	19.96
-113.51	19.96
-113.27	19.96
-113.03	19.96
-112.79	19.95
-112.55	19.95
-112.31	19.95
-112.07	19.94
-111.83	19.94
-111.59	19.94
-111.35	19.93
-111.11	19.93
-110.87	19.93
-110.63	19.92
-110.39	19.92
-110.15	19.92
-109.91	19.91
-109.67	19.91
-109.43	19.91
-109.19	19.90
-108.95	19.90
-108.71	19.90
-108.47	19.89
-108.23	19.89
-107.99	19.89
-107.75	19.88
-107.51	19.88
-107.27	19.87
-107.03	19.87
-106.79	19.87
-106.55	19.86
-106.31	19.86
-106.07	19.86
-105.83	19.85
-105.59	19.85
-105.35	19.85
-105.11	19.84
-104.86	19.84
-104.62	19.84
-104.38	19.83
-104.14	19.83
-103.90	19.82
-103.66	19.82
-103.42	19.82
-103.18	19.81
-102.94	19.81
-102.70	19.81
-102.46	19.80
-102.22	19.80
-101.98	19.79
-101.74	19.79
-101.50	19.79
-101.26	19.78
-101.02	19.78
-100.78	19.77
-100.54	19.77
-100.30	19.77
-100.06	19.76
-99.82	19.76
-99.58	19.75
-99.34	19.75
-99.10	19.75
-98.86	19.74
-98.62	19.74
-98.38	19.73
-98.14	19.73
-97.90	19.73
-97.66	19.72
-97.42	19.72
-97.18	19.71
-96.94	19.71
-96.70	19.71
-96.46	19.70
-96.22	19.70
-95.98	19.69
-95.74	19.69
-95.50	19.68
-95.26	19.68
-95.02	19.68
-94.77	19.67
-94.53	19.67
-94.29	19.66
-94.05	19.66
-93.81	19.65
-93.57	19.65
-93.33	19.65
-93.09	19.64
-92.85	19.64
-92.61	19.63
-92.37	19.63
-92.13	19.62
-91.89	19.62
-91.65	19.61
-91.41	19.61
-91.17	19.60
-90.93	19.60
-90.69	19.60
-90.45	19.59
-90.21	19.59
-89.97	19.58
-89.73	19.58
-89.49	19.57
-89.25	19.57
-89.01	19.56
-88.77	19.56
-88.53	19.55
-88.29	19.55
-88.05	19.54
-87.81	19.54
-87.57	19.53
-87.33	19.53
-87.09	19.52
-86.85	19.52
-86.61	19.51
-86.37	19.51
-86.13	19.50
-85.89	19.50
-85.65	19.49
-85.41	19.49
-85.17	19.48
-84.92	19.48
-84.68	19.47
-84.44	19.47
-84.20	19.46
-83.96	19.46
-83.72	19.45
-83.48	19.45
-83.24	19.44
-83.00	19.44
-82.76	19.43
-82.52	19.42
-82.28	19.42
-82.04	19.41
-81.80	19.41
-81.56	19.40
-81.32	19.40
-81.08	19.39
-80.84	19.39
-80.60	19.38
-80.36	19.37
-80.12	19.37
-79.88	19.36
-79.64	19.36
-79.40	19.35
-79.16	19.35
-78.92	19.34
-78.68	19.33
-78.44	19.33
-78.20	19.32
-77.96	19.32
-77.72	19.31
-77.48	19.31
-77.24	19.30
-77.00	19.29
-76.76	19.29
-76.52	19.28
-76.28	19.27
-76.04	19.27
-75.80	19.26
-75.56	19.26
-75.32	19.25
-75.08	19.24
-74.83	19.24
-74.59	19.23
-74.35	19.22
-74.11	19.22
-73.87	19.21
-73.63	19.21
-73.39	19.20
-73.15	19.19
-72.91	19.19
-72.67	19.18
-72.43	19.17
-72.19	19.17
-71.95	19.16
-71.71	19.15
-71.47	19.15
-71.23	19.14
-70.99	19.13
-70.75	19.13
-70.51	19.12
-70.27	19.11
-70.03	19.10
-69.79	19.10
-69.55	19.09
-69.31	19.08
-69.07	19.08
-68.83	19.07
-68.59	19.06
-68.35	19.05
-68.11	19.05
-67.87	19.04
-67.63	19.03
-67.39	19.03
-67.15	19.02
-66.91	19.01
-66.67	19.00
-66.43	19.00
-66.19	18.99
-65.95	18.98
-65.71	18.97
-65.47	18.96
-65.23	18.96
-64.98	18.95
-64.74	18.94
-64.50	18.93
-64.26	18.93
-64.02	18.92
-63.78	18.91
-63.54	18.90
-63.30	18.89
-63.06	18.89
-62.82	18.88
-62.58	18.87
-62.34	18.86
-62.10	18.85
-61.86	18.84
-61.62	18.84
-61.38	18.83
-61.14	18.82
-60.90	18.81
-60.66	18.80
-60.42	18.79
-60.18	18.78
-59.94	18.77
-59.70	18.77
-59.46	18.76
-59.22	18.75
-58.98	18.74
-58.74	18.73
-58.50	18.72
-58.26	18.71
-58.02	18.70
-57.78	18.69
-57.54	18.68
-57.30	18.67
-57.06	18.67
-56.82	18.66
-56.58	18.65
-56.34	18.64
-56.10	18.63
-55.86	18.62
-55.62	18.61
-55.38	18.60
-55.14	18.59
-54.89	18.58
-54.65	18.57
-54.41	18.56
-54.17	18.55
-53.93	18.54
-53.69	18.53
-53.45	18.52
-53.21	18.51
-52.97	18.50
-52.73	18.49
-52.49	18.47
-52.25	18.46
-52.01	18.45
-51.77	18.44
-51.53	18.43
-51.29	18.42
-51.05	18.41
-50.81	18.40
-50.57	18.39
-50.33	18.38
-50.09	18.37
-49.85	18.35
-49.61	18.34
-49.37	18.33
-49.13	18.32
-48.89	18.31
-48.65	18.30
-48.41	18.28
-48.17	18.27
-47.93	18.26
-47.69	18.25
-47.45	18.24
-47.21	18.22
-46.97	18.21
-46.73	18.20
-46.49	18.19
-46.25	18.18
-46.01	18.16
-45.77	18.15
-45.53	18.14
-45.29	18.12
-45.05	18.11
-44.80	18.10
-44.56	18.09
-44.32	18.07
-44.08	18.06
-43.84	18.05
-43.60	18.03
-43.36	18.02
-43.12	18.00
-42.88	17.99
-42.64	17.98
-42.40	17.96
-42.16	17.95
-41.92	17.94
-41.68	17.92
-41.44	17.91
-41.20	17.89
-40.96	17.88
-40.72	17.86
-40.48	17.85
-40.24	17.83
-40.00	17.82
-39.76	17.80
-39.52	17.79
-39.28	17.77
-39.04	17.76
-38.80	17.74
-38.56	17.73
-38.32	17.71
-38.08	17.69
-37.84	17.68
-37.60	17.66
-37.36	17.65
-37.12	17.63
-36.88	17.61
-36.64	17.60
-36.40	17.58
-36.16	17.56
-35.92	17.55
-35.68	17.53
-35.44	17.51
-35.20	17.50
-34.95	17.48
-34.71	17.46
-34.47	17.44
-34.23	17.43
-33.99	17.41
-33.75	17.39
-33.51	17.37
-33.27	17.35
-33.03	17.33
-32.79	17.32
-32.55	17.30
-32.31	17.28
-32.07	17.26
-31.83	17.24
-31.59	17.22
-31.35	17.20
-31.11	17.18
-30.87	17.16
-30.63	17.14
-30.39	17.12
-30.15	17.10
-29.91	17.08
-29.67	17.06
-29.43	17.04
-29.19	17.02
-28.95	17.00
-28.71	16.97
-28.47	16.95
-28.23	16.93
-27.99	16.91
-27.75	16.89
-27.51	16.87
-27.27	16.84
-27.03	16.82
-26.79	16.80
-26.55	16.78
-26.31	16.75
-26.07	16.73
-25.83	16.71
-25.59	16.68
-25.35	16.66
-25.11	16.63
-24.86	16.61
-24.62	16.59
-24.38	16.56
-24.14	16.54
-23.90	16.51
-23.66	16.49
-23.42	16.46
-23.18	16.43
-22.94	16.41
-22.70	16.38
-22.46	16.36
-22.22	16.33
-21.98	16.30
-21.74	16.28
-21.50	16.25
-21.26	16.22
-21.02	16.19
-20.78	16.16
-20.54	16.14
-20.30	16.11
-20.06	16.08
-19.82	16.05
-19.58	16.02
-19.34	15.99
-19.10	15.96
-18.86	15.93
-18.62	15.90
-18.38	15.87
-18.14	15.84
-17.90	15.81
-17.66	15.78
-17.42	15.75
-17.18	15.72
-16.94	15.68
-16.70	15.65
-16.46	15.62
-16.22	15.59
-15.98	15.55
-15.74	15.52
-15.50	15.48
-15.26	15.45
-15.02	15.42
-14.77	15.38
-14.53	15.35
-14.29	15.31
-14.05	15.28
-13.81	15.24
-13.57	15.20
-13.33	15.17
-13.09	15.13
-12.85	15.09
-12.61	15.06
-12.37	15.02
-12.13	14.98
-11.89	14.94
-11.65	14.90
-11.41	14.86
-11.17	14.82
-10.93	14.78
-10.69	14.74
-10.45	14.70
-10.21	14.66
-9.97	14.62
-9.73	14.58
-9.49	14.54
-9.25	14.50
-9.01	14.45
-8.77	14.41
-8.53	14.37
-8.29	14.32
-8.05	14.28
-7.81	14.23
-7.57	14.19
-7.33	14.15
-7.09	14.10
-6.85	14.05
-6.61	14.01
-6.37	13.96
-6.13	13.91
-5.89	13.87
-5.65	13.82
-5.41	13.77
-5.17	13.72
-4.92	13.67
-4.68	13.62
-4.44	13.57
-4.20	13.52
-3.96	13.47
-3.72	13.42
-3.48	13.37
-3.24	13.32
-3.00	13.27
-2.76	13.22
-2.52	13.16
-2.28	13.11
-2.04	13.06
-1.80	13.00
-1.56	12.95
-1.32	12.89
-1.08	12.84
-0.84	12.78
-0.60	12.73
-0.36	12.67
-0.12	12.61
0.12	12.56
0.36	12.50
0.60	12.44
0.84	12.38
1.08	12.33
1.32	12.27
1.56	12.21
1.80	12.15
2.04	12.09
2.28	12.03
2.52	11.97
2.76	11.91
3.00	11.84
3.24	11.78
3.48	11.72
3.72	11.66
3.96	11.60
4.20	11.53
4.44	11.47
4.68	11.41
4.92	11.34
5.17	11.28
5.41	11.21
5.65	11.15
5.89	11.08
6.13	11.02
6.37	10.95
6.61	10.89
6.85	10.82
7.09	10.76
7.33	10.69
7.57	10.62
7.81	10.56
8.05	10.49
8.29	10.42
8.53	10.35
8.77	10.29
9.01	10.22
9.25	10.15
9.49	10.08
9.73	10.02
9.97	9.95
10.21	9.88
10.45	9.81
10.69	9.74
10.93	9.67
11.17	9.60
11.41	9.53
11.65	9.47
11.89	9.40
12.13	9.33
12.37	9.26
12.61	9.19
12.85	9.12
13.09	9.05
13.33	8.98
13.57	8.91
13.81	8.84
14.05	8.78
14.29	8.71
14.53	8.64
14.77	8.57
15.02	8.50
15.26	8.43
15.50	8.36
15.74	8.29
15.98	8.23
16.22	8.16
16.46	8.09
16.70	8.02
16.94	7.95
17.18	7.89
17.42	7.82
17.66	7.75
17.90	7.69
18.14	7.62
18.38	7.55
18.62	7.49
18.86	7.42
19.10	7.35
19.34	7.29
19.58	7.22
19.82	7.16
20.06	7.09
20.30	7.03
20.54	6.96
20.78	6.90
21.02	6.84
21.26	6.77
21.50	6.71
21.74	6.65
21.98	6.58
22.22	6.52
22.46	6.46
22.70	6.40
22.94	6.34
23.18	6.28
23.42	6.22
23.66	6.16
23.90	6.10
24.14	6.04
24.38	5.98
24.62	5.92
24.86	5.86
25.11	5.80
25.35	5.74
25.59	5.69
25.83	5.63
26.07	5.57
26.31	5.52
26.55	5.46
26.79	5.41
27.03	5.35
27.27	5.30
27.51	5.24
27.75	5.19
27.99	5.14
28.23	5.08
28.47	5.03
28.71	4.98
28.95	4.93
29.19	4.87
29.43	4.82
29.67	4.77
29.91	4.72
30.15	4.67
30.39	4.62
30.63	4.57
30.87	4.52
31.11	4.48
31.35	4.43
31.59	4.38
31.83	4.33
32.07	4.29
32.31	4.24
32.55	4.19
32.79	4.15
33.03	4.10
33.27	4.06
33.51	4.01
33.75	3.97
33.99	3.92
34.23	3.88
34.47	3.84
34.71	3.80
34.95	3.75
35.20	3.71
35.44	3.67
35.68	3.63
35.92	3.59
36.16	3.55
36.40	3.51
36.64	3.47
36.88	3.43
37.12	3.39
37.36	3.35
37.60	3.31
37.84	3.27
38.08	3.23
38.32	3.19
38.56	3.16
38.80	3.12
39.04	3.08
39.28	3.05
39.52	3.01
39.76	2.97
40.00	2.94
40.24	2.90
40.48	2.87
40.72	2.83
40.96	2.80
41.20	2.77
41.44	2.73
41.68	2.70
41.92	2.67
42.16	2.63
42.40	2.60
42.64	2.57
42.88	2.54
43.12	2.50
43.36	2.47
43.60	2.44
43.84	2.41
44.08	2.38
44.32	2.35
44.56	2.32
44.80	2.29
45.05	2.26
45.29	2.23
45.53	2.20
45.77	2.17
46.01	2.14
46.25	2.12
46.49	2.09
46.73	2.06
46.97	2.03
47.21	2.00
47.45	1.98
47.69	1.95
47.93	1.92
48.17	1.90
48.41	1.87
48.65	1.84
48.89	1.82
49.13	1.79
49.37	1.77
49.61	1.74
49.85	1.72
50.09	1.69
50.33	1.67
50.57	1.64
50.81	1.62
51.05	1.60
51.29	1.57
51.53	1.55
51.77	1.52
52.01	1.50
52.25	1.48
52.49	1.46
52.73	1.43
52.97	1.41
53.21	1.39
53.45	1.37
53.69	1.34
53.93	1.32
54.17	1.30
54.41	1.28
54.65	1.26
54.89	1.24
55.14	1.22
55.38	1.20
55.62	1.17
55.86	1.15
56.10	1.13
56.34	1.11
56.58	1.09
56.82	1.07
57.06	1.05
57.30	1.03
57.54	1.02
57.78	1.00
58.02	0.98
58.26	0.96
58.50	0.94
58.74	0.92
58.98	0.90
59.22	0.88
59.46	0.87
59.70	0.85
59.94	0.83
60.18	0.81
60.42	0.79
60.66	0.78
60.90	0.76
61.14	0.74
61.38	0.73
61.62	0.71
61.86	0.69
62.10	0.67
62.34	0.66
62.58	0.64
62.82	0.63
63.06	0.61
63.30	0.59
63.54	0.58
63.78	0.56
64.02	0.54
64.26	0.53
64.50	0.51
64.74	0.50
64.98	0.48
65.23	0.47
65.47	0.45
65.71	0.44
65.95	0.42
66.19	0.41
66.43	0.39
66.67	0.38
66.91	0.36
67.15	0.35
67.39	0.34
67.63	0.32
67.87	0.31
68.11	0.29
68.35	0.28
68.59	0.27
68.83	0.25
69.07	0.24
69.31	0.22
69.55	0.21
69.79	0.20
70.03	0.18
70.27	0.17
70.51	0.16
70.75	0.15
70.99	0.13
71.23	0.12
71.47	0.11
71.71	0.09
71.95	0.08
72.19	0.07
72.43	0.06
72.67	0.04
72.91	0.03
73.15	0.02
73.39	0.01
73.63	-0.00
73.87	-0.02
74.11	-0.03
74.35	-0.04
74.59	-0.05
74.83	-0.06
75.08	-0.07
75.32	-0.09
75.56	-0.10
75.80	-0.11
76.04	-0.12
76.28	-0.13
76.52	-0.14
76.76	-0.15
77.00	-0.16
77.24	-0.17
77.48	-0.19
77.72	-0.20
77.96	-0.21
78.20	-0.22
78.44	-0.23
78.68	-0.24
78.92	-0.25
79.16	-0.26
79.40	-0.27
79.64	-0.28
79.88	-0.29
80.12	-0.30
80.36	-0.31
80.60	-0.32
80.84	-0.33
81.08	-0.34
81.32	-0.35
81.56	-0.36
81.80	-0.37
82.04	-0.38
82.28	-0.39
82.52	-0.40
82.76	-0.41
83.00	-0.42
83.24	-0.43
83.48	-0.44
83.72	-0.45
83.96	-0.45
84.20	-0.46
84.44	-0.47
84.68	-0.48
84.92	-0.49
85.17	-0.50
85.41	-0.51
85.65	-0.52
85.89	-0.53
86.13	-0.53
86.37	-0.54
86.61	-0.55
86.85	-0.56
87.09	-0.57
87.33	-0.58
87.57	-0.59
87.81	-0.59
88.05	-0.60
88.29	-0.61
88.53	-0.62
88.77	-0.63
89.01	-0.64
89.25	-0.64
89.49	-0.65
89.73	-0.66
89.97	-0.67
90.21	-0.68
90.45	-0.68
90.69	-0.69
90.93	-0.70
91.17	-0.71
91.41	-0.71
91.65	-0.72
91.89	-0.73
92.13	-0.74
92.37	-0.74
92.61	-0.75
92.85	-0.76
93.09	-0.77
93.33	-0.77
93.57	-0.78
93.81	-0.79
94.05	-0.80
94.29	-0.80
94.53	-0.81
94.77	-0.82
95.02	-0.83
95.26	-0.83
95.50	-0.84
95.74	-0.85
95.98	-0.85
96.22	-0.86
96.46	-0.87
96.70	-0.87
96.94	-0.88
97.18	-0.89
97.42	-0.89
97.66	-0.90
97.90	-0.91
98.14	-0.91
98.38	-0.92
98.62	-0.93
98.86	-0.93
99.10	-0.94
99.34	-0.95
99.58	-0.95
99.82	-0.96
100.06	-0.97
100.30	-0.97
100.54	-0.98
100.78	-0.99
101.02	-0.99
101.26	-1.00
101.50	-1.00
101.74	-1.01
101.98	-1.02
102.22	-1.02
102.46	-1.03
102.70	-1.03
102.94	-1.04
103.18	-1.05
103.42	-1.05
103.66	-1.06
103.90	-1.06
104.14	-1.07
104.38	-1.08
104.62	-1.08
104.86	-1.09
105.11	-1.09
105.35	-1.10
105.59	-1.11
105.83	-1.11
106.07	-1.12
106.31	-1.12
106.55	-1.13
106.79	-1.13
107.03	-1.14
107.27	-1.14
107.51	-1.15
107.75	-1.16
107.99	-1.16
108.23	-1.17
108.47	-1.17
108.71	-1.18
108.95	-1.18
109.19	-1.19
109.43	-1.19
109.67	-1.20
109.91	-1.20
110.15	-1.21
110.39	-1.21
110.63	-1.22
110.87	-1.22
111.11	-1.23
111.35	-1.23
111.59	-1.24
111.83	-1.24
112.07	-1.25
112.31	-1.25
112.55	-1.26
112.79	-1.26
113.03	-1.27
113.27	-1.27
113.51	-1.28
113.75	-1.28
113.99	-1.29
114.23	-1.29
114.47	-1.30
114.71	-1.30
114.95	-1.31
115.20	-1.31
115.44	-1.32
115.68	-1.32
115.92	-1.33
116.16	-1.33
116.40	-1.34
116.64	-1.34
116.88	-1.35
117.12	-1.35
117.36	-1.36
117.60	-1.36
117.84	-1.36
118.08	-1.37
118.32	-1.37
118.56	-1.38
118.80	-1.38
119.04	-1.39
119.28	-1.39
119.52	-1.40
119.76	-1.40
120.00	-1.40
