-100.00	23.86
-99.80	23.85
-99.60	23.85
-99.40	23.85
-99.20	23.84
-99.00	23.84
-98.80	23.84
-98.60	23.83
-98.40	23.83
-98.20	23.83
-98.00	23.82
-97.80	23.82
-97.60	23.82
-97.40	23.81
-97.20	23.81
-97.00	23.81
-96.80	23.81
-96.60	23.80
-96.40	23.80
-96.20	23.80
-96.00	23.79
-95.80	23.79
-95.60	23.78
-95.40	23.78
-95.20	23.78
-94.99	23.77
-94.79	23.77
-94.59	23.77
-94.39	23.76
-94.19	23.76
-93.99	23.76
-93.79	23.75
-93.59	23.75
-93.39	23.75
-93.19	23.74
-92.99	23.74
-92.79	23.74
-92.59	23.73
-92.39	23.73
-92.19	23.73
-91.99	23.72
-91.79	23.72
-91.59	23.71
-91.39	23.71
-91.19	23.71
-90.99	23.70
-90.79	23.70
-90.59	23.70
-90.39	23.69
-90.19	23.69
-89.99	23.68
-89.79	23.68
-89.59	23.68
-89.39	23.67
-89.19	23.67
-88.99	23.66
-88.79	23.66
-88.59	23.66
-88.39	23.65
-88.19	23.65
-87.99	23.64
-87.79	23.64
-87.59	23.64
-87.39	23.63
-87.19	23.63
-86.99	23.62
-86.79	23.62
-86.59	23.62
-86.39	23.61
-86.19	23.61
-85.99	23.60
-85.79	23.60
-85.59	23.60
-85.39	23.59
-85.19	23.59
-84.98	23.58
-84.78	23.58
-84.58	23.57
-84.38	23.57
-84.18	23.57
-83.98	23.56
-83.78	23.56
-83.58	23.55
-83.38	23.55
-83.18	23.54
-82.98	23.54
-82.78	23.53
-82.58	23.53
-82.38	23.53
-82.18	23.52
-81.98	23.52
-81.78	23.51
-81.58	23.51
-81.38	23.50
-81.18	23.50
-80.98	23.49
-80.78	23.49
-80.58	23.48
-80.38	23.48
-80.18	23.47
-79.98	23.47
-79.78	23.46
-79.58	23.46
-79.38	23.45
-79.18	23.45
-78.98	23.44
-78.78	23.44
-78.58	23.44
-78.38	23.43
-78.18	23.43
-77.98	23.42
-77.78	23.41
-77.58	23.41
-77.38	23.40
-77.18	23.40
-76.98	23.39
-76.78	23.39
-76.58	23.38
-76.38	23.38
-76.18	23.37
-75.98	23.37
-75.78	23.36
-75.58	23.36
-75.38	23.35
-75.18	23.35
-74.97	23.34
-74.77	23.34
-74.57	23.33
-74.37	23.32
-74.17	23.32
-73.97	23.31
-73.77	23.31
-73.57	23.30
-73.37	23.30
-73.17	23.29
-72.97	23.29
-72.77	23.28
-72.57	23.27
-72.37	23.27
-72.17	23.26
-71.97	23.26
-71.77	23.25
-71.57	23.24
-71.37	23.24
-71.17	23.23
-70.97	23.23
-70.77	23.22
-70.57	23.21
-70.37	23.21
-70.17	23.20
-69.97	23.20
-69.77	23.19
-69.57	23.18
-69.37	23.18
-69.17	23.17
-68.97	23.16
-68.77	23.16
-68.57	23.15
-68.37	23.15
-68.17	23.14
-67.97	23.13
-67.77	23.13
-67.57	23.12
-67.37	23.11
-67.17	23.11
-66.97	23.10
-66.77	23.09
-66.57	23.09
-66.37	23.08
-66.17	23.07
-65.97	23.06
-65.77	23.06
-65.57	23.05
-65.37	23.04
-65.17	23.04
-64.96	23.03
-64.76	23.02
-64.56	23.01
-64.36	23.01
-64.16	23.00
-63.96	22.99
-63.76	22.99
-63.56	22.98
-63.36	22.97
-63.16	22.96
-62.96	22.96
-62.76	22.95
-62.56	22.94
-62.36	22.93
-62.16	22.92
-61.96	22.92
-61.76	22.91
-61.56	22.90
-61.36	22.89
-61.16	22.89
-60.96	22.88
-60.76	22.87
-60.56	22.86
-60.36	22.85
-60.16	22.84
-59.96	22.84
-59.76	22.83
-59.56	22.82
-59.36	22.81
-59.16	22.80
-58.96	22.79
-58.76	22.79
-58.56	22.78
-58.36	22.77
-58.16	22.76
-57.96	22.75
-57.76	22.74
-57.56	22.73
-57.36	22.72
-57.16	22.72
-56.96	22.71
-56.76	22.70
-56.56	22.69
-56.36	22.68
-56.16	22.67
-55.96	22.66
-55.76	22.65
-55.56	22.64
-55.36	22.63
-55.16	22.62
-54.95	22.61
-54.75	22.60
-54.55	22.59
-54.35	22.58
-54.15	22.57
-53.95	22.56
-53.75	22.55
-53.55	22.54
-53.35	22.53
-53.15	22.52
-52.95	22.51
-52.75	22.50
-52.55	22.49
-52.35	22.48
-52.15	22.47
-51.95	22.46
-51.75	22.45
-51.55	22.44
-51.35	22.43
-51.15	22.41
-50.95	22.40
-50.75	22.39
-50.55	22.38
-50.35	22.37
-50.15	22.36
-49.95	22.35
-49.75	22.33
-49.55	22.32
-49.35	22.31
-49.15	22.30
-48.95	22.29
-48.75	22.28
-48.55	22.26
-48.35	22.25
-48.15	22.24
-47.95	22.23
-47.75	22.21
-47.55	22.20
-47.35	22.19
-47.15	22.18
-46.95	22.16
-46.75	22.15
-46.55	22.14
-46.35	22.12
-46.15	22.11
-45.95	22.10
-45.75	22.08
-45.55	22.07
-45.35	22.06
-45.15	22.04
-44.94	22.03
-44.74	22.02
-44.54	22.00
-44.34	21.99
-44.14	21.97
-43.94	21.96
-43.74	21.94
-43.54	21.93
-43.34	21.91
-43.14	21.90
-42.94	21.88
-42.74	21.87
-42.54	21.85
-42.34	21.84
-42.14	21.82
-41.94	21.81
-41.74	21.79
-41.54	21.78
-41.34	21.76
-41.14	21.74
-40.94	21.73
-40.74	21.71
-40.54	21.70
-40.34	21.68
-40.14	21.66
-39.94	21.64
-39.74	21.63
-39.54	21.61
-39.34	21.59
-39.14	21.58
-38.94	21.56
-38.74	21.54
-38.54	21.52
-38.34	21.50
-38.14	21.49
-37.94	21.47
-37.74	21.45
-37.54	21.43
-37.34	21.41
-37.14	21.39
-36.94	21.37
-36.74	21.35
-36.54	21.34
-36.34	21.32
-36.14	21.30
-35.94	21.28
-35.74	21.26
-35.54	21.24
-35.34	21.21
-35.14	21.19
-34.93	21.17
-34.73	21.15
-34.53	21.13
-34.33	21.11
-34.13	21.09
-33.93	21.07
-33.73	21.04
-33.53	21.02
-33.33	21.00
-33.13	20.98
-32.93	20.95
-32.73	20.93
-32.53	20.91
-32.33	20.88
-32.13	20.86
-31.93	20.84
-31.73	20.81
-31.53	20.79
-31.33	20.76
-31.13	20.74
-30.93	20.71
-30.73	20.69
-30.53	20.66
-30.33	20.64
-30.13	20.61
-29.93	20.58
-29.73	20.56
-29.53	20.53
-29.33	20.50
-29.13	20.48
-28.93	20.45
-28.73	20.42
-28.53	20.39
-28.33	20.37
-28.13	20.34
-27.93	20.31
-27.73	20.28
-27.53	20.25
-27.33	20.22
-27.13	20.19
-26.93	20.16
-26.73	20.13
-26.53	20.10
-26.33	20.07
-26.13	20.04
-25.93	20.01
-25.73	19.97
-25.53	19.94
-25.33	19.91
-25.13	19.88
-24.92	19.84
-24.72	19.81
-24.52	19.78
-24.32	19.74
-24.12	19.71
-23.92	19.67
-23.72	19.64
-23.52	19.60
-23.32	19.57
-23.12	19.53
-22.92	19.49
-22.72	19.46
-22.52	19.42
-22.32	19.38
-22.12	19.35
-21.92	19.31
-21.72	19.27
-21.52	19.23
-21.32	19.19
-21.12	19.15
-20.92	19.11
-20.72	19.07
-20.52	19.03
-20.32	18.99
-20.12	18.95
-19.92	18.91
-19.72	18.87
-19.52	18.82
-19.32	18.78
-19.12	18.74
-18.92	18.69
-18.72	18.65
-18.52	18.60
-18.32	18.56
-18.12	18.52
-17.92	18.47
-17.72	18.42
-17.52	18.38
-17.32	18.33
-17.12	18.28
-16.92	18.24
-16.72	18.19
-16.52	18.14
-16.32	18.09
-16.12	18.05
-15.92	18.00
-15.72	17.95
-15.52	17.90
-15.32	17.85
-15.12	17.80
-14.91	17.75
-14.71	17.70
-14.51	17.65
-14.31	17.59
-14.11	17.54
-13.91	17.49
-13.71	17.44
-13.51	17.39
-13.31	17.33
-13.11	17.28
-12.91	17.23
-12.71	17.18
-12.51	17.12
-12.31	17.07
-12.11	17.02
-11.91	16.96
-11.71	16.91
-11.51	16.85
-11.31	16.80
-11.11	16.75
-10.91	16.69
-10.71	16.64
-10.51	16.59
-10.31	16.53
-10.11	16.48
-9.91	16.43
-9.71	16.37
-9.51	16.32
-9.31	16.27
-9.11	16.22
-8.91	16.17
-8.71	16.12
-8.51	16.07
-8.31	16.02
-8.11	15.97
-7.91	15.92
-7.71	15.87
-7.51	15.82
-7.31	15.78
-7.11	15.73
-6.91	15.68
-6.71	15.64
-6.51	15.60
-6.31	15.56
-6.11	15.51
-5.91	15.47
-5.71	15.44
-5.51	15.40
-5.31	15.36
-5.11	15.33
-4.90	15.29
-4.70	15.26
-4.50	15.23
-4.30	15.19
-4.10	15.16
-3.90	15.14
-3.70	15.11
-3.50	15.08
-3.30	15.05
-3.10	15.03
-2.90	15.00
-2.70	14.98
-2.50	14.95
-2.30	14.93
-2.10	8.91
-1.90	8.89
-1.70	8.86
-1.50	8.84
-1.30	8.81
-1.10	8.79
-0.90	8.76
-0.70	8.73
-0.50	8.71
-0.30	8.68
-0.10	8.65
0.10	8.61
0.30	8.58
0.50	8.55
0.70	8.51
0.90	8.48
1.10	8.44
1.30	8.40
1.50	8.37
1.70	8.33
1.90	8.29
2.10	8.24
2.30	8.20
2.50	8.16
2.70	8.11
2.90	8.07
3.10	8.02
3.30	7.97
3.50	7.92
3.70	7.87
3.90	7.83
4.10	7.78
4.30	7.73
4.50	7.67
4.70	7.62
4.90	7.57
5.11	7.52
5.31	7.47
5.51	7.41
5.71	7.36
5.91	7.31
6.11	7.25
6.31	7.20
6.51	7.15
6.71	7.09
6.91	7.04
7.11	6.99
7.31	6.93
7.51	6.88
7.71	6.83
7.91	6.77
8.11	6.72
8.31	6.67
8.51	6.61
8.71	6.56
8.91	6.51
9.11	6.45
9.31	6.40
9.51	6.35
9.71	6.30
9.91	6.25
10.11	6.20
10.31	6.14
10.51	6.09
10.71	6.04
10.91	5.99
11.11	5.94
11.31	5.89
11.51	5.84
11.71	5.80
11.91	5.75
12.11	5.70
12.31	5.65
12.51	5.60
12.71	5.56
12.91	5.51
13.11	5.46
13.31	5.42
13.51	5.37
13.71	5.33
13.91	5.28
14.11	5.24
14.31	5.19
14.51	5.15
14.71	5.10
14.91	5.06
15.12	5.02
15.32	4.98
15.52	4.93
15.72	4.89
15.92	4.85
16.12	4.81
16.32	4.77
16.52	4.73
16.72	4.69
16.92	4.65
17.12	4.61
17.32	4.57
17.52	4.53
17.72	4.49
17.92	4.46
18.12	4.42
18.32	4.38
18.52	4.35
18.72	4.31
18.92	4.27
19.12	4.24
19.32	4.20
19.52	4.17
19.72	4.13
19.92	4.10
20.12	4.06
20.32	4.03
20.52	4.00
20.72	3.96
20.92	3.93
21.12	3.90
21.32	3.87
21.52	3.83
21.72	3.80
21.92	3.77
22.12	3.74
22.32	3.71
22.52	3.68
22.72	3.65
22.92	3.62
23.12	3.59
23.32	3.56
23.52	3.53
23.72	3.50
23.92	3.47
24.12	3.45
24.32	3.42
24.52	3.39
24.72	3.36
24.92	3.34
25.13	3.31
25.33	3.28
25.53	3.26
25.73	3.23
25.93	3.20
26.13	3.18
26.33	3.15
26.53	3.13
26.73	3.10
26.93	3.08
27.13	3.05
27.33	3.03
27.53	3.00
27.73	2.98
27.93	2.96
28.13	2.93
28.33	2.91
28.53	2.89
28.73	2.86
28.93	2.84
29.13	2.82
29.33	2.80
29.53	2.77
29.73	2.75
29.93	2.73
30.13	2.71
30.33	2.69
30.53	2.67
30.73	2.65
30.93	2.63
31.13	2.61
31.33	2.59
31.53	2.56
31.73	2.54
31.93	2.53
32.13	2.51
32.33	2.49
32.53	2.47
32.73	2.45
32.93	2.43
33.13	2.41
33.33	2.39
33.53	2.37
33.73	2.35
33.93	2.34
34.13	2.32
34.33	2.30
34.53	2.28
34.73	2.26
34.93	2.25
35.14	2.23
35.34	2.21
35.54	2.20
35.74	2.18
35.94	2.16
36.14	2.15
36.34	2.13
36.54	2.11
36.74	2.10
36.94	2.08
37.14	2.06
37.34	2.05
37.54	2.03
37.74	2.02
37.94	2.00
38.14	1.99
38.34	1.97
38.54	1.96
38.74	1.94
38.94	1.93
39.14	1.91
39.34	1.90
39.54	1.88
39.74	1.87
39.94	1.85
40.14	1.84
40.34	1.83
40.54	1.81
40.74	1.80
40.94	1.78
41.14	1.77
41.34	1.76
41.54	1.74
41.74	1.73
41.94	1.72
42.14	1.70
42.34	1.69
42.54	1.68
42.74	1.66
42.94	1.65
43.14	1.64
43.34	1.63
43.54	1.61
43.74	1.60
43.94	1.59
44.14	1.58
44.34	1.56
44.54	1.55
44.74	1.54
44.94	1.53
45.15	1.52
45.35	1.51
45.55	1.49
45.75	1.48
45.95	1.47
46.15	1.46
46.35	1.45
46.55	1.44
46.75	1.43
46.95	1.41
47.15	1.40
47.35	1.39
47.55	1.38
47.75	1.37
47.95	1.36
48.15	1.35
48.35	1.34
48.55	1.33
48.75	1.32
48.95	1.31
49.15	1.30
49.35	1.29
49.55	1.28
49.75	1.27
49.95	1.26
50.15	1.25
50.35	1.24
50.55	1.23
50.75	1.22
50.95	1.21
51.15	1.20
51.35	1.19
51.55	1.18
51.75	1.17
51.95	1.16
52.15	1.15
52.35	1.14
52.55	1.13
52.75	1.13
52.95	1.12
53.15	1.11
53.35	1.10
53.55	1.09
53.75	1.08
53.95	1.07
54.15	1.06
54.35	1.05
54.55	1.05
54.75	1.04
54.95	1.03
55.16	1.02
55.36	1.01
55.56	1.00
55.76	1.00
55.96	0.99
56.16	0.98
56.36	0.97
56.56	0.96
56.76	0.95
56.96	0.95
57.16	0.94
57.36	0.93
57.56	0.92
57.76	0.92
57.96	0.91
58.16	0.90
58.36	0.89
58.56	0.88
58.76	0.88
58.96	0.87
59.16	0.86
59.36	0.85
59.56	0.85
59.76	0.84
59.96	0.83
60.16	0.83
60.36	0.82
60.56	0.81
60.76	0.80
60.96	0.80
61.16	0.79
61.36	0.78
61.56	0.78
61.76	0.77
61.96	0.76
62.16	0.76
62.36	0.75
62.56	0.74
62.76	0.73
62.96	0.73
63.16	0.72
63.36	0.71
63.56	0.71
63.76	0.70
63.96	0.70
64.16	0.69
64.36	0.68
64.56	0.68
64.76	0.67
64.96	0.66
65.17	0.66
65.37	0.65
65.57	0.64
65.77	0.64
65.97	0.63
66.17	0.63
66.37	0.62
66.57	0.61
66.77	0.61
66.97	0.60
67.17	0.60
67.37	0.59
67.57	0.58
67.77	0.58
67.97	0.57
68.17	0.57
68.37	0.56
68.57	0.55
68.77	0.55
68.97	0.54
69.17	0.54
69.37	0.53
69.57	0.53
69.77	0.52
69.97	0.52
70.17	0.51
70.37	0.50
70.57	0.50
70.77	0.49
70.97	0.49
71.17	0.48
71.37	0.48
71.57	0.47
71.77	0.47
71.97	0.46
72.17	0.46
72.37	0.45
72.57	0.45
72.77	0.44
72.97	0.44
73.17	0.43
73.37	0.43
73.57	0.42
73.77	0.42
73.97	0.41
74.17	0.41
74.37	0.40
74.57	0.40
74.77	0.39
74.97	0.39
75.18	0.38
75.38	0.38
75.58	0.37
75.78	0.37
75.98	0.36
76.18	0.36
76.38	0.35
76.58	0.35
76.78	0.34
76.98	0.34
77.18	0.33
77.38	0.33
77.58	0.32
77.78	0.32
77.98	0.31
78.18	0.31
78.38	0.31
78.58	0.30
78.78	0.30
78.98	0.29
79.18	0.29
79.38	0.28
79.58	0.28
79.78	0.27
79.98	0.27
80.18	0.27
80.38	0.26
80.58	0.26
80.78	0.25
80.98	0.25
81.18	0.24
81.38	0.24
81.58	0.24
81.78	0.23
81.98	0.23
82.18	0.22
82.38	0.22
82.58	0.22
82.78	0.21
82.98	0.21
83.18	0.20
83.38	0.20
83.58	0.20
83.78	0.19
83.98	0.19
84.18	0.18
84.38	0.18
84.58	0.18
84.78	0.17
84.98	0.17
85.19	0.16
85.39	0.16
85.59	0.16
85.79	0.15
85.99	0.15
86.19	0.14
86.39	0.14
86.59	0.14
86.79	0.13
86.99	0.13
87.19	0.13
87.39	0.12
87.59	0.12
87.79	0.12
87.99	0.11
88.19	0.11
88.39	0.10
88.59	0.10
88.79	0.10
88.99	0.09
89.19	0.09
89.39	0.09
89.59	0.08
89.79	0.08
89.99	0.08
90.19	0.07
90.39	0.07
90.59	0.07
90.79	0.06
90.99	0.06
91.19	0.06
91.39	0.05
91.59	0.05
91.79	0.05
91.99	0.04
92.19	0.04
92.39	0.03
92.59	0.03
92.79	0.03
92.99	0.03
93.19	0.02
93.39	0.02
93.59	0.02
93.79	0.01
93.99	0.01
94.19	0.01
94.39	0.00
94.59	-0.00
94.79	-0.00
94.99	-0.01
95.20	-0.01
95.40	-0.01
95.60	-0.02
95.80	-0.02
96.00	-0.02
96.20	-0.03
96.40	-0.03
96.60	-0.03
96.80	-0.03
97.00	-0.04
97.20	-0.04
97.40	-0.04
97.60	-0.05
97.80	-0.05
98.00	-0.05
98.20	-0.06
98.40	-0.06
98.60	-0.06
98.80	-0.06
99.00	-0.07
99.20	-0.07
99.40	-0.07
99.60	-0.08
99.80	-0.08
100.00	-0.08
